# OneOS / Caveat.ttf (OFL)
# em 0.43241
G 0
C -0.47411 0.14780 -0.47793 0.14486 -0.48138 0.14208 -0.48447 0.13948 -0.48719 0.13704 -0.48955 0.13478 -0.49154 0.13268 -0.49317 0.13075 -0.49443 0.12899 -0.49546 0.12727 -0.49638 0.12546 -0.49719 0.12357 -0.49789 0.12158 -0.49849 0.11951 -0.49897 0.11736 -0.49935 0.11511 -0.49962 0.11277 -0.49981 0.11074 -0.49993 0.10853 -0.50000 0.10615 -0.50000 0.10359 -0.49994 0.10085 -0.49982 0.09794 -0.49965 0.09485 -0.49941 0.09159 -0.49913 0.08824 -0.49882 0.08491 -0.49850 0.08159 -0.49816 0.07829 -0.49780 0.07500 -0.49742 0.07172 -0.49702 0.06846 -0.49659 0.06521 -0.49617 0.06207 -0.49576 0.05913 -0.49536 0.05639 -0.49497 0.05386 -0.49460 0.05153 -0.49424 0.04940 -0.49390 0.04747 -0.49357 0.04575 -0.49306 0.04519 -0.49264 0.04457 -0.49228 0.04392 -0.49200 0.04321 -0.49179 0.04246 -0.49166 0.04166 -0.49161 0.04081 -0.49162 0.03991 -0.49167 0.03905 -0.49172 0.03830 -0.49175 0.03767 -0.49178 0.03716 -0.49181 0.03675 -0.49182 0.03647 -0.49183 0.03629 -0.49184 0.03624 -0.49189 0.03558 -0.49181 0.03471 -0.49162 0.03361 -0.49130 0.03229 -0.49086 0.03075 -0.49030 0.02898 -0.48962 0.02699 -0.48881 0.02478 -0.48795 0.02237 -0.48711 0.01979 -0.48628 0.01704 -0.48546 0.01413 -0.48466 0.01105 -0.48387 0.00779 -0.48309 0.00437 -0.48233 0.00078 -0.48017 -0.00558 -0.47804 -0.01167 -0.47593 -0.01749 -0.47384 -0.02306 -0.47177 -0.02836 -0.46972 -0.03340 -0.46769 -0.03817 -0.46568 -0.04268 -0.46368 -0.04698 -0.46169 -0.05112 -0.45971 -0.05511 -0.45773 -0.05895 -0.45576 -0.06263 -0.45380 -0.06615 -0.45184 -0.06952 -0.44989 -0.07273 -0.44795 -0.07583 -0.44600 -0.07887 -0.44406 -0.08183 -0.44211 -0.08473 -0.44016 -0.08756 -0.43822 -0.09033 -0.43627 -0.09302 -0.43433 -0.09565 -0.43000 -0.10005 -0.42589 -0.10418 -0.42200 -0.10802 -0.41833 -0.11160 -0.41487 -0.11489 -0.41163 -0.11791 -0.40860 -0.12065 -0.40579 -0.12311 -0.40304 -0.12538 -0.40022 -0.12755 -0.39731 -0.12962 -0.39433 -0.13159 -0.39126 -0.13346 -0.38811 -0.13523 -0.38488 -0.13689 -0.38157 -0.13846 -0.37943 -0.13972 -0.37733 -0.14092 -0.37527 -0.14205 -0.37325 -0.14311 -0.37127 -0.14410 -0.36933 -0.14503 -0.36743 -0.14588 -0.36557 -0.14667 -0.36378 -0.14735 -0.36206 -0.14786 -0.36042 -0.14822 -0.35887 -0.14840 -0.35740 -0.14843 -0.35601 -0.14830 -0.35470 -0.14800 -0.35347 -0.14754 -0.34760 -0.14610 -0.34211 -0.14436 -0.33701 -0.14234 -0.33228 -0.14003 -0.32793 -0.13742 -0.32395 -0.13453 -0.32036 -0.13134 -0.31714 -0.12786 -0.31422 -0.12400 -0.31149 -0.11964 -0.30897 -0.11478 -0.30666 -0.10943 -0.30454 -0.10359 -0.30263 -0.09726 -0.30092 -0.09043 -0.29941 -0.08311 -0.29869 -0.07841 -0.29805 -0.07383 -0.29748 -0.06936 -0.29698 -0.06500 -0.29656 -0.06076 -0.29621 -0.05664 -0.29594 -0.05263 -0.29574 -0.04873 -0.29563 -0.04490 -0.29564 -0.04108 -0.29577 -0.03728 -0.29601 -0.03349 -0.29636 -0.02971 -0.29683 -0.02595 -0.29742 -0.02220 -0.29812 -0.01846 -0.29895 -0.01469 -0.29994 -0.01083 -0.30109 -0.00688 -0.30239 -0.00284 -0.30384 0.00128 -0.30545 0.00549 -0.30722 0.00980 -0.30914 0.01418 -0.31124 0.01871 -0.31353 0.02343 -0.31602 0.02833 -0.31871 0.03343 -0.32159 0.03871 -0.32467 0.04418 -0.32794 0.04984 -0.33141 0.05570 -0.33525 0.06303 -0.33921 0.07013 -0.34328 0.07698 -0.34747 0.08359 -0.35177 0.08995 -0.35618 0.09607 -0.36071 0.10195 -0.36536 0.10759 -0.37007 0.11295 -0.37482 0.11803 -0.37959 0.12282 -0.38438 0.12731 -0.38921 0.13152 -0.39406 0.13544 -0.39894 0.13906 -0.40384 0.14239 -0.40874 0.14541 -0.41360 0.14808 -0.41842 0.15041 -0.42319 0.15239 -0.42793 0.15403 -0.43262 0.15533 -0.43728 0.15628 -0.44189 0.15688 -0.44642 0.15712 -0.45080 0.15696 -0.45504 0.15641 -0.45914 0.15548 -0.46309 0.15414 -0.46691 0.15242 -0.47058 0.15031 -0.47411 0.14780
C -0.44643 0.13526 -0.44396 0.13488 -0.44152 0.13439 -0.43910 0.13380 -0.43671 0.13310 -0.43434 0.13229 -0.43200 0.13137 -0.42969 0.13034 -0.42741 0.12921 -0.42512 0.12795 -0.42281 0.12654 -0.42048 0.12500 -0.41811 0.12331 -0.41572 0.12149 -0.41330 0.11952 -0.41085 0.11741 -0.40838 0.11515 -0.40586 0.11275 -0.40325 0.11019 -0.40056 0.10748 -0.39779 0.10461 -0.39494 0.10159 -0.39200 0.09841 -0.38899 0.09508 -0.38590 0.09159 -0.38315 0.08841 -0.38053 0.08536 -0.37804 0.08243 -0.37568 0.07964 -0.37345 0.07697 -0.37134 0.07444 -0.36937 0.07203 -0.36752 0.06975 -0.36577 0.06753 -0.36409 0.06530 -0.36247 0.06307 -0.36092 0.06083 -0.35944 0.05858 -0.35803 0.05633 -0.35669 0.05407 -0.35541 0.05180 -0.35417 0.04947 -0.35295 0.04702 -0.35174 0.04445 -0.35055 0.04175 -0.34936 0.03893 -0.34820 0.03599 -0.34704 0.03293 -0.34590 0.02975 -0.34474 0.02639 -0.34353 0.02278 -0.34228 0.01893 -0.34098 0.01483 -0.33963 0.01049 -0.33824 0.00591 -0.33679 0.00109 -0.33530 -0.00398 -0.33447 -0.00715 -0.33368 -0.01019 -0.33295 -0.01310 -0.33228 -0.01587 -0.33166 -0.01850 -0.33109 -0.02100 -0.33057 -0.02337 -0.33011 -0.02560 -0.32970 -0.02774 -0.32933 -0.02986 -0.32900 -0.03193 -0.32871 -0.03398 -0.32846 -0.03599 -0.32825 -0.03796 -0.32808 -0.03991 -0.32795 -0.04181 -0.32785 -0.04374 -0.32778 -0.04575 -0.32772 -0.04782 -0.32768 -0.04998 -0.32767 -0.05220 -0.32767 -0.05450 -0.32769 -0.05688 -0.32774 -0.05933 -0.32779 -0.06190 -0.32783 -0.06465 -0.32787 -0.06758 -0.32790 -0.07068 -0.32792 -0.07395 -0.32794 -0.07741 -0.32795 -0.08104 -0.32795 -0.08484 -0.32809 -0.08669 -0.32830 -0.08856 -0.32858 -0.09044 -0.32893 -0.09235 -0.32934 -0.09428 -0.32982 -0.09623 -0.33036 -0.09820 -0.33098 -0.10019 -0.33164 -0.10213 -0.33233 -0.10393 -0.33305 -0.10561 -0.33379 -0.10716 -0.33456 -0.10859 -0.33536 -0.10988 -0.33618 -0.11104 -0.33703 -0.11208 -0.33817 -0.11323 -0.33941 -0.11428 -0.34076 -0.11525 -0.34222 -0.11614 -0.34379 -0.11693 -0.34547 -0.11764 -0.34725 -0.11825 -0.34914 -0.11878 -0.35111 -0.11917 -0.35314 -0.11937 -0.35522 -0.11936 -0.35736 -0.11916 -0.35955 -0.11877 -0.36179 -0.11818 -0.36409 -0.11739 -0.36644 -0.11641 -0.36778 -0.11578 -0.36922 -0.11499 -0.37076 -0.11402 -0.37238 -0.11289 -0.37411 -0.11159 -0.37592 -0.11012 -0.37784 -0.10848 -0.37984 -0.10668 -0.38191 -0.10475 -0.38400 -0.10274 -0.38613 -0.10067 -0.38827 -0.09851 -0.39045 -0.09629 -0.39265 -0.09399 -0.39488 -0.09161 -0.39714 -0.08916 -0.39939 -0.08667 -0.40161 -0.08416 -0.40380 -0.08164 -0.40595 -0.07911 -0.40807 -0.07656 -0.41015 -0.07400 -0.41220 -0.07143 -0.41422 -0.06884 -0.41617 -0.06628 -0.41803 -0.06380 -0.41979 -0.06139 -0.42146 -0.05906 -0.42304 -0.05680 -0.42452 -0.05461 -0.42590 -0.05250 -0.42719 -0.05046 -0.42836 -0.04854 -0.42937 -0.04677 -0.43022 -0.04516 -0.43092 -0.04371 -0.43147 -0.04241 -0.43185 -0.04126 -0.43209 -0.04027 -0.43216 -0.03944 -0.43217 -0.03940 -0.43218 -0.03930 -0.43220 -0.03913 -0.43222 -0.03890 -0.43225 -0.03859 -0.43229 -0.03822 -0.43233 -0.03778 -0.43238 -0.03727 -0.43246 -0.03673 -0.43258 -0.03619 -0.43276 -0.03565 -0.43298 -0.03511 -0.43324 -0.03457 -0.43356 -0.03403 -0.43392 -0.03349 -0.43433 -0.03295 -0.43575 -0.03129 -0.43721 -0.02933 -0.43870 -0.02707 -0.44022 -0.02452 -0.44178 -0.02167 -0.44337 -0.01852 -0.44499 -0.01507 -0.44665 -0.01133 -0.44832 -0.00737 -0.44996 -0.00329 -0.45159 0.00092 -0.45319 0.00526 -0.45478 0.00973 -0.45634 0.01433 -0.45788 0.01906 -0.45941 0.02391 -0.46089 0.02882 -0.46231 0.03372 -0.46367 0.03861 -0.46497 0.04348 -0.46621 0.04834 -0.46739 0.05318 -0.46851 0.05801 -0.46957 0.06283 -0.47055 0.06756 -0.47142 0.07214 -0.47219 0.07656 -0.47287 0.08083 -0.47344 0.08494 -0.47391 0.08890 -0.47427 0.09270 -0.47454 0.09634 -0.47474 0.09915 -0.47492 0.10172 -0.47507 0.10407 -0.47519 0.10618 -0.47528 0.10806 -0.47535 0.10972 -0.47539 0.11115 -0.47541 0.11234 -0.47538 0.11339 -0.47530 0.11438 -0.47516 0.11531 -0.47497 0.11618 -0.47473 0.11699 -0.47443 0.11773 -0.47408 0.11842 -0.47368 0.11904 -0.47321 0.11970 -0.47268 0.12049 -0.47208 0.12141 -0.47141 0.12245 -0.47067 0.12362 -0.46987 0.12492 -0.46899 0.12635 -0.46806 0.12791 -0.46735 0.12896 -0.46653 0.12994 -0.46559 0.13085 -0.46454 0.13169 -0.46338 0.13247 -0.46210 0.13318 -0.46070 0.13382 -0.45919 0.13439 -0.45762 0.13488 -0.45604 0.13526 -0.45446 0.13553 -0.45287 0.13569 -0.45127 0.13575 -0.44966 0.13569 -0.44805 0.13553 -0.44643 0.13526
G 1
C -0.13899 0.11926 -0.14110 0.11920 -0.14312 0.11903 -0.14505 0.11874 -0.14688 0.11834 -0.14862 0.11782 -0.15026 0.11719 -0.15180 0.11645 -0.15326 0.11558 -0.15464 0.11459 -0.15596 0.11344 -0.15723 0.11213 -0.15845 0.11067 -0.15961 0.10905 -0.16072 0.10727 -0.16177 0.10535 -0.16277 0.10326 -0.16319 0.10172 -0.16359 0.10014 -0.16398 0.09851 -0.16434 0.09683 -0.16468 0.09510 -0.16500 0.09333 -0.16530 0.09151 -0.16558 0.08964 -0.16583 0.08776 -0.16605 0.08591 -0.16624 0.08409 -0.16639 0.08229 -0.16651 0.08052 -0.16659 0.07878 -0.16665 0.07706 -0.16666 0.07537 -0.16664 0.07377 -0.16658 0.07230 -0.16648 0.07098 -0.16634 0.06980 -0.16616 0.06877 -0.16593 0.06787 -0.16567 0.06712 -0.16536 0.06651 -0.16496 0.06603 -0.16462 0.06547 -0.16434 0.06481 -0.16412 0.06407 -0.16396 0.06325 -0.16386 0.06233 -0.16383 0.06133 -0.16385 0.06024 -0.16390 0.05909 -0.16395 0.05793 -0.16398 0.05674 -0.16401 0.05553 -0.16404 0.05431 -0.16405 0.05306 -0.16406 0.05179 -0.16407 0.05051 -0.16423 0.04846 -0.16449 0.04666 -0.16485 0.04508 -0.16531 0.04375 -0.16588 0.04265 -0.16654 0.04179 -0.16731 0.04117 -0.16818 0.04078 -0.16915 0.04058 -0.17022 0.04055 -0.17139 0.04067 -0.17266 0.04094 -0.17404 0.04137 -0.17551 0.04195 -0.17709 0.04269 -0.17877 0.04359 -0.18079 0.04483 -0.18296 0.04617 -0.18528 0.04761 -0.18774 0.04916 -0.19036 0.05080 -0.19312 0.05255 -0.19603 0.05439 -0.19909 0.05634 -0.20225 0.05837 -0.20543 0.06044 -0.20865 0.06256 -0.21190 0.06472 -0.21519 0.06693 -0.21851 0.06919 -0.22187 0.07150 -0.22525 0.07386 -0.22864 0.07625 -0.23197 0.07867 -0.23526 0.08111 -0.23850 0.08359 -0.24169 0.08609 -0.24483 0.08861 -0.24793 0.09117 -0.25098 0.09375 -0.25324 0.09626 -0.25527 0.09863 -0.25705 0.10083 -0.25860 0.10288 -0.25992 0.10478 -0.26100 0.10652 -0.26184 0.10810 -0.26244 0.10953 -0.26295 0.11080 -0.26351 0.11190 -0.26411 0.11282 -0.26477 0.11358 -0.26547 0.11418 -0.26621 0.11460 -0.26701 0.11485 -0.26785 0.11494 -0.26870 0.11532 -0.26951 0.11560 -0.27029 0.11578 -0.27104 0.11586 -0.27175 0.11583 -0.27243 0.11571 -0.27307 0.11548 -0.27368 0.11515 -0.27431 0.11474 -0.27500 0.11427 -0.27574 0.11374 -0.27655 0.11315 -0.27742 0.11250 -0.27835 0.11179 -0.27934 0.11101 -0.28039 0.11018 -0.28114 0.10932 -0.28190 0.10846 -0.28266 0.10762 -0.28341 0.10677 -0.28417 0.10594 -0.28493 0.10511 -0.28568 0.10429 -0.28644 0.10348 -0.28716 0.10269 -0.28782 0.10195 -0.28841 0.10126 -0.28893 0.10061 -0.28938 0.10001 -0.28977 0.09946 -0.29008 0.09896 -0.29033 0.09850 -0.29031 0.09789 -0.29025 0.09713 -0.29015 0.09621 -0.29001 0.09515 -0.28983 0.09394 -0.28960 0.09259 -0.28934 0.09108 -0.28904 0.08942 -0.28870 0.08769 -0.28835 0.08596 -0.28797 0.08423 -0.28758 0.08251 -0.28716 0.08078 -0.28672 0.07905 -0.28627 0.07732 -0.28579 0.07559 -0.28532 0.07393 -0.28489 0.07242 -0.28449 0.07107 -0.28412 0.06986 -0.28378 0.06880 -0.28348 0.06788 -0.28321 0.06712 -0.28298 0.06651 -0.28245 0.06644 -0.28194 0.06624 -0.28145 0.06590 -0.28098 0.06542 -0.28053 0.06482 -0.28010 0.06407 -0.27969 0.06320 -0.27931 0.06218 -0.27890 0.06109 -0.27843 0.05997 -0.27790 0.05882 -0.27731 0.05764 -0.27665 0.05644 -0.27594 0.05521 -0.27517 0.05395 -0.27433 0.05267 -0.27407 0.05131 -0.27373 0.04984 -0.27329 0.04826 -0.27277 0.04656 -0.27215 0.04475 -0.27146 0.04282 -0.27067 0.04077 -0.26979 0.03861 -0.26888 0.03643 -0.26800 0.03430 -0.26713 0.03224 -0.26628 0.03024 -0.26545 0.02829 -0.26464 0.02641 -0.26386 0.02459 -0.26309 0.02283 -0.26163 0.02029 -0.26029 0.01786 -0.25907 0.01553 -0.25796 0.01332 -0.25696 0.01121 -0.25608 0.00921 -0.25531 0.00732 -0.25466 0.00554 -0.25409 0.00375 -0.25356 0.00186 -0.25309 -0.00014 -0.25266 -0.00225 -0.25228 -0.00446 -0.25194 -0.00679 -0.25166 -0.00922 -0.25142 -0.01176 -0.25150 -0.01219 -0.25152 -0.01261 -0.25150 -0.01303 -0.25142 -0.01344 -0.25128 -0.01384 -0.25109 -0.01423 -0.25085 -0.01462 -0.25055 -0.01500 -0.25022 -0.01536 -0.24988 -0.01567 -0.24952 -0.01593 -0.24915 -0.01614 -0.24876 -0.01631 -0.24836 -0.01642 -0.24795 -0.01649 -0.24752 -0.01652 -0.24752 -0.01652 -0.24752 -0.01652 -0.24664 -0.01731 -0.24571 -0.01794 -0.24475 -0.01841 -0.24374 -0.01873 -0.24269 -0.01890 -0.24161 -0.01891 -0.24048 -0.01876 -0.23931 -0.01846 -0.23813 -0.01803 -0.23698 -0.01748 -0.23586 -0.01681 -0.23477 -0.01603 -0.23370 -0.01514 -0.23266 -0.01413 -0.23165 -0.01300 -0.23066 -0.01176 -0.22886 -0.00916 -0.22735 -0.00653 -0.22613 -0.00389 -0.22520 -0.00122 -0.22456 0.00146 -0.22421 0.00417 -0.22416 0.00690 -0.22439 0.00964 -0.22494 0.01255 -0.22584 0.01574 -0.22708 0.01922 -0.22866 0.02299 -0.23059 0.02706 -0.23286 0.03141 -0.23548 0.03606 -0.23844 0.04099 -0.23918 0.04267 -0.23986 0.04425 -0.24050 0.04573 -0.24109 0.04710 -0.24164 0.04837 -0.24213 0.04955 -0.24258 0.05062 -0.24298 0.05159 -0.24334 0.05248 -0.24365 0.05333 -0.24391 0.05413 -0.24412 0.05488 -0.24428 0.05559 -0.24440 0.05625 -0.24447 0.05686 -0.24450 0.05743 -0.24443 0.05738 -0.24421 0.05724 -0.24386 0.05700 -0.24336 0.05667 -0.24272 0.05624 -0.24194 0.05572 -0.24102 0.05511 -0.23996 0.05440 -0.23880 0.05362 -0.23761 0.05282 -0.23637 0.05198 -0.23509 0.05110 -0.23377 0.05019 -0.23242 0.04925 -0.23102 0.04827 -0.22958 0.04726 -0.22816 0.04627 -0.22681 0.04533 -0.22553 0.04446 -0.22434 0.04364 -0.22321 0.04289 -0.22216 0.04220 -0.22118 0.04156 -0.22028 0.04099 -0.21965 0.04040 -0.21885 0.03970 -0.21787 0.03889 -0.21671 0.03797 -0.21538 0.03694 -0.21388 0.03580 -0.21219 0.03456 -0.21034 0.03321 -0.20837 0.03181 -0.20638 0.03041 -0.20435 0.02902 -0.20228 0.02764 -0.20018 0.02627 -0.19805 0.02490 -0.19589 0.02354 -0.19369 0.02218 -0.19154 0.02090 -0.18954 0.01976 -0.18768 0.01877 -0.18596 0.01791 -0.18438 0.01720 -0.18295 0.01663 -0.18165 0.01620 -0.18050 0.01591 -0.17963 0.01548 -0.17874 0.01506 -0.17784 0.01465 -0.17693 0.01424 -0.17601 0.01384 -0.17507 0.01344 -0.17411 0.01305 -0.17315 0.01267 -0.17221 0.01232 -0.17134 0.01201 -0.17053 0.01175 -0.16980 0.01154 -0.16913 0.01137 -0.16853 0.01125 -0.16799 0.01118 -0.16753 0.01116 -0.16663 0.01121 -0.16568 0.01139 -0.16466 0.01167 -0.16358 0.01208 -0.16244 0.01259 -0.16124 0.01322 -0.15998 0.01397 -0.15866 0.01483 -0.15732 0.01577 -0.15600 0.01675 -0.15470 0.01777 -0.15342 0.01883 -0.15216 0.01993 -0.15092 0.02108 -0.14970 0.02226 -0.14850 0.02348 -0.14737 0.02470 -0.14637 0.02587 -0.14548 0.02700 -0.14472 0.02807 -0.14408 0.02911 -0.14355 0.03009 -0.14316 0.03102 -0.14288 0.03191 -0.14288 0.03234 -0.14287 0.03278 -0.14285 0.03321 -0.14283 0.03364 -0.14279 0.03407 -0.14276 0.03451 -0.14271 0.03494 -0.14266 0.03537 -0.14261 0.03580 -0.14254 0.03624 -0.14247 0.03667 -0.14239 0.03710 -0.14231 0.03753 -0.14222 0.03797 -0.14212 0.03840 -0.14201 0.03883 -0.14161 0.04030 -0.14124 0.04189 -0.14093 0.04359 -0.14066 0.04543 -0.14044 0.04738 -0.14027 0.04945 -0.14015 0.05165 -0.14007 0.05397 -0.14003 0.05632 -0.14003 0.05861 -0.14006 0.06086 -0.14012 0.06305 -0.14022 0.06518 -0.14035 0.06726 -0.14052 0.06929 -0.14072 0.07126 -0.14095 0.07311 -0.14123 0.07475 -0.14155 0.07619 -0.14191 0.07742 -0.14231 0.07846 -0.14274 0.07929 -0.14322 0.07992 -0.14374 0.08034 -0.14374 0.08036 -0.14373 0.08041 -0.14371 0.08050 -0.14369 0.08061 -0.14366 0.08077 -0.14362 0.08095 -0.14358 0.08117 -0.14353 0.08142 -0.14345 0.08168 -0.14333 0.08190 -0.14315 0.08208 -0.14293 0.08223 -0.14267 0.08235 -0.14235 0.08244 -0.14199 0.08249 -0.14158 0.08251 -0.14158 0.08291 -0.14158 0.08328 -0.14158 0.08359 -0.14158 0.08386 -0.14158 0.08408 -0.14158 0.08425 -0.14158 0.08437 -0.14158 0.08445 -0.14158 0.08450 -0.14158 0.08455 -0.14158 0.08458 -0.14158 0.08461 -0.14158 0.08464 -0.14158 0.08465 -0.14158 0.08466 -0.14158 0.08467 -0.14208 0.08472 -0.14250 0.08490 -0.14284 0.08518 -0.14310 0.08559 -0.14327 0.08610 -0.14337 0.08673 -0.14338 0.08748 -0.14331 0.08834 -0.14317 0.08927 -0.14297 0.09022 -0.14271 0.09119 -0.14239 0.09218 -0.14201 0.09319 -0.14157 0.09422 -0.14107 0.09527 -0.14050 0.09634 -0.13990 0.09740 -0.13930 0.09840 -0.13869 0.09934 -0.13807 0.10023 -0.13744 0.10107 -0.13681 0.10186 -0.13617 0.10259 -0.13553 0.10326 -0.13433 0.10455 -0.13331 0.10581 -0.13249 0.10706 -0.13185 0.10829 -0.13141 0.10949 -0.13115 0.11068 -0.13108 0.11185 -0.13120 0.11299 -0.13151 0.11408 -0.13201 0.11508 -0.13270 0.11600 -0.13358 0.11683 -0.13465 0.11757 -0.13591 0.11822 -0.13735 0.11878 -0.13899 0.11926
G 2
C -0.02137 0.12402 -0.02368 0.12586 -0.02609 0.12750 -0.02858 0.12894 -0.03115 0.13018 -0.03382 0.13121 -0.03657 0.13204 -0.03941 0.13267 -0.04234 0.13310 -0.04531 0.13332 -0.04825 0.13335 -0.05117 0.13319 -0.05407 0.13283 -0.05695 0.13227 -0.05982 0.13152 -0.06266 0.13057 -0.06548 0.12942 -0.06823 0.12809 -0.07086 0.12660 -0.07336 0.12493 -0.07575 0.12310 -0.07801 0.12109 -0.08015 0.11892 -0.08217 0.11658 -0.08407 0.11407 -0.08583 0.11165 -0.08742 0.10914 -0.08885 0.10654 -0.09012 0.10386 -0.09123 0.10108 -0.09218 0.09822 -0.09296 0.09527 -0.09358 0.09223 -0.09406 0.08904 -0.09442 0.08560 -0.09466 0.08193 -0.09477 0.07802 -0.09477 0.07387 -0.09464 0.06949 -0.09439 0.06487 -0.09402 0.06002 -0.09356 0.05580 -0.09285 0.05157 -0.09189 0.04734 -0.09067 0.04310 -0.08919 0.03885 -0.08745 0.03460 -0.08546 0.03034 -0.08321 0.02607 -0.08076 0.02186 -0.07819 0.01776 -0.07549 0.01378 -0.07267 0.00991 -0.06971 0.00616 -0.06663 0.00252 -0.06341 -0.00100 -0.06007 -0.00441 -0.05667 -0.00763 -0.05327 -0.01060 -0.04989 -0.01331 -0.04650 -0.01576 -0.04313 -0.01796 -0.03976 -0.01990 -0.03640 -0.02158 -0.03305 -0.02300 -0.03145 -0.02401 -0.02992 -0.02488 -0.02845 -0.02561 -0.02705 -0.02619 -0.02570 -0.02664 -0.02441 -0.02694 -0.02318 -0.02710 -0.02202 -0.02711 -0.02081 -0.02705 -0.01944 -0.02696 -0.01791 -0.02686 -0.01624 -0.02673 -0.01440 -0.02659 -0.01241 -0.02642 -0.01027 -0.02624 -0.00797 -0.02603 -0.00556 -0.02569 -0.00330 -0.02530 -0.00121 -0.02488 0.00074 -0.02441 0.00252 -0.02390 0.00416 -0.02336 0.00563 -0.02277 0.00695 -0.02214 0.00817 -0.02146 0.00932 -0.02073 0.01041 -0.01995 0.01144 -0.01911 0.01241 -0.01822 0.01332 -0.01727 0.01416 -0.01627 0.01495 -0.01522 0.01651 -0.01360 0.01792 -0.01199 0.01921 -0.01039 0.02036 -0.00879 0.02137 -0.00720 0.02225 -0.00561 0.02299 -0.00404 0.02360 -0.00246 0.02411 -0.00090 0.02455 0.00066 0.02492 0.00221 0.02522 0.00375 0.02546 0.00529 0.02563 0.00682 0.02573 0.00834 0.02576 0.00986 0.02518 0.01230 0.02432 0.01487 0.02316 0.01757 0.02171 0.02040 0.01997 0.02336 0.01794 0.02644 0.01562 0.02965 0.01301 0.03299 0.01014 0.03632 0.00707 0.03949 0.00379 0.04251 0.00030 0.04537 -0.00340 0.04808 -0.00730 0.05063 -0.01142 0.05302 -0.01575 0.05526 -0.01815 0.05597 -0.02061 0.05656 -0.02313 0.05705 -0.02569 0.05743 -0.02832 0.05770 -0.03099 0.05786 -0.03372 0.05791 -0.03651 0.05786 -0.03926 0.05768 -0.04188 0.05734 -0.04439 0.05686 -0.04678 0.05624 -0.04904 0.05546 -0.05118 0.05453 -0.05320 0.05346 -0.05510 0.05224 -0.05707 0.05150 -0.05886 0.05101 -0.06047 0.05077 -0.06191 0.05078 -0.06317 0.05104 -0.06426 0.05155 -0.06517 0.05231 -0.06591 0.05332 -0.06655 0.05465 -0.06718 0.05638 -0.06779 0.05852 -0.06840 0.06105 -0.06898 0.06398 -0.06956 0.06730 -0.07012 0.07103 -0.07067 0.07515 -0.07100 0.07912 -0.07115 0.08282 -0.07111 0.08623 -0.07088 0.08937 -0.07046 0.09223 -0.06986 0.09482 -0.06906 0.09712 -0.06807 0.09915 -0.06694 0.10095 -0.06572 0.10254 -0.06440 0.10395 -0.06299 0.10515 -0.06148 0.10616 -0.05988 0.10698 -0.05819 0.10760 -0.05640 0.10802 -0.05429 0.10843 -0.05230 0.10881 -0.05043 0.10916 -0.04867 0.10948 -0.04702 0.10976 -0.04549 0.11000 -0.04408 0.11022 -0.04278 0.11040 -0.04149 0.11048 -0.04014 0.11041 -0.03871 0.11018 -0.03721 0.10980 -0.03563 0.10926 -0.03398 0.10857 -0.03225 0.10772 -0.03045 0.10672 -0.02880 0.10570 -0.02732 0.10479 -0.02599 0.10399 -0.02483 0.10332 -0.02383 0.10275 -0.02299 0.10230 -0.02232 0.10197 -0.02180 0.10175 -0.02138 0.10158 -0.02098 0.10140 -0.02060 0.10120 -0.02024 0.10099 -0.01989 0.10077 -0.01957 0.10053 -0.01927 0.10028 -0.01899 0.10002 -0.01867 0.09970 -0.01825 0.09927 -0.01773 0.09875 -0.01710 0.09813 -0.01637 0.09740 -0.01555 0.09657 -0.01462 0.09564 -0.01359 0.09461 -0.01285 0.09388 -0.01215 0.09319 -0.01150 0.09256 -0.01088 0.09196 -0.01031 0.09142 -0.00978 0.09092 -0.00928 0.09047 -0.00883 0.09007 -0.00839 0.08972 -0.00794 0.08941 -0.00747 0.08915 -0.00699 0.08894 -0.00650 0.08877 -0.00599 0.08865 -0.00547 0.08858 -0.00494 0.08856 -0.00441 0.08859 -0.00388 0.08868 -0.00338 0.08883 -0.00289 0.08905 -0.00241 0.08932 -0.00194 0.08965 -0.00149 0.09005 -0.00105 0.09050 -0.00061 0.09097 -0.00018 0.09141 0.00025 0.09181 0.00068 0.09218 0.00111 0.09251 0.00155 0.09282 0.00198 0.09308 0.00241 0.09332 0.00339 0.09340 0.00416 0.09364 0.00471 0.09405 0.00506 0.09461 0.00520 0.09534 0.00513 0.09623 0.00485 0.09729 0.00436 0.09850 0.00369 0.09983 0.00289 0.10122 0.00194 0.10267 0.00084 0.10418 -0.00039 0.10575 -0.00176 0.10738 -0.00328 0.10907 -0.00494 0.11083 -0.00671 0.11260 -0.00856 0.11433 -0.01049 0.11603 -0.01251 0.11769 -0.01460 0.11932 -0.01678 0.12092 -0.01903 0.12249 -0.02137 0.12402
C -0.02180 0.03234 -0.02061 0.03177 -0.01940 0.03114 -0.01817 0.03045 -0.01694 0.02970 -0.01569 0.02888 -0.01443 0.02801 -0.01315 0.02707 -0.01186 0.02607 -0.01058 0.02503 -0.00936 0.02397 -0.00818 0.02287 -0.00705 0.02175 -0.00596 0.02060 -0.00493 0.01943 -0.00394 0.01822 -0.00299 0.01699 -0.00213 0.01577 -0.00139 0.01460 -0.00075 0.01348 -0.00024 0.01240 0.00017 0.01137 0.00045 0.01039 0.00062 0.00945 0.00068 0.00856 0.00059 0.00708 0.00033 0.00566 -0.00011 0.00430 -0.00072 0.00299 -0.00151 0.00175 -0.00248 0.00058 -0.00362 -0.00054 -0.00494 -0.00160 -0.00643 -0.00252 -0.00810 -0.00321 -0.00995 -0.00368 -0.01197 -0.00392 -0.01416 -0.00395 -0.01653 -0.00375 -0.01908 -0.00333 -0.02180 -0.00268 -0.02301 -0.00230 -0.02426 -0.00180 -0.02555 -0.00119 -0.02688 -0.00046 -0.02826 0.00038 -0.02967 0.00133 -0.03112 0.00240 -0.03261 0.00359 -0.03412 0.00485 -0.03560 0.00614 -0.03706 0.00747 -0.03851 0.00883 -0.03993 0.01023 -0.04133 0.01166 -0.04271 0.01312 -0.04407 0.01462 -0.04539 0.01611 -0.04664 0.01756 -0.04782 0.01897 -0.04894 0.02035 -0.04998 0.02168 -0.05096 0.02297 -0.05188 0.02422 -0.05272 0.02543 -0.05347 0.02655 -0.05409 0.02756 -0.05458 0.02845 -0.05494 0.02921 -0.05517 0.02985 -0.05527 0.03037 -0.05525 0.03077 -0.05510 0.03105 -0.05470 0.03157 -0.05415 0.03206 -0.05346 0.03252 -0.05261 0.03294 -0.05162 0.03333 -0.05048 0.03368 -0.04919 0.03400 -0.04775 0.03429 -0.04621 0.03454 -0.04463 0.03474 -0.04299 0.03489 -0.04132 0.03499 -0.03959 0.03505 -0.03782 0.03506 -0.03600 0.03502 -0.03413 0.03494 -0.03228 0.03480 -0.03052 0.03462 -0.02885 0.03437 -0.02726 0.03407 -0.02577 0.03372 -0.02436 0.03332 -0.02304 0.03286 -0.02180 0.03234
G 3
C 0.07549 0.14780 0.07167 0.14486 0.06822 0.14208 0.06513 0.13948 0.06241 0.13704 0.06005 0.13478 0.05806 0.13268 0.05643 0.13075 0.05517 0.12899 0.05414 0.12727 0.05322 0.12546 0.05241 0.12357 0.05171 0.12158 0.05111 0.11951 0.05063 0.11736 0.05025 0.11511 0.04998 0.11277 0.04979 0.11074 0.04967 0.10853 0.04960 0.10615 0.04960 0.10359 0.04966 0.10085 0.04978 0.09794 0.04995 0.09485 0.05019 0.09159 0.05047 0.08824 0.05077 0.08491 0.05110 0.08159 0.05144 0.07829 0.05180 0.07500 0.05218 0.07172 0.05258 0.06846 0.05300 0.06521 0.05343 0.06207 0.05384 0.05913 0.05424 0.05639 0.05463 0.05386 0.05500 0.05153 0.05536 0.04940 0.05570 0.04747 0.05603 0.04575 0.05653 0.04519 0.05696 0.04457 0.05732 0.04392 0.05760 0.04321 0.05781 0.04246 0.05794 0.04166 0.05799 0.04081 0.05798 0.03991 0.05793 0.03905 0.05788 0.03830 0.05785 0.03767 0.05782 0.03716 0.05779 0.03675 0.05777 0.03647 0.05776 0.03629 0.05776 0.03624 0.05771 0.03558 0.05779 0.03471 0.05798 0.03361 0.05830 0.03229 0.05874 0.03075 0.05930 0.02898 0.05998 0.02699 0.06079 0.02478 0.06165 0.02237 0.06249 0.01979 0.06332 0.01704 0.06414 0.01413 0.06494 0.01105 0.06573 0.00779 0.06651 0.00437 0.06727 0.00078 0.06943 -0.00558 0.07156 -0.01167 0.07367 -0.01749 0.07576 -0.02306 0.07783 -0.02836 0.07988 -0.03340 0.08191 -0.03817 0.08392 -0.04268 0.08592 -0.04698 0.08791 -0.05112 0.08989 -0.05511 0.09187 -0.05895 0.09384 -0.06263 0.09580 -0.06615 0.09776 -0.06952 0.09971 -0.07273 0.10165 -0.07583 0.10360 -0.07887 0.10554 -0.08183 0.10749 -0.08473 0.10943 -0.08756 0.11138 -0.09033 0.11333 -0.09302 0.11527 -0.09565 0.11960 -0.10005 0.12370 -0.10418 0.12760 -0.10802 0.13127 -0.11160 0.13473 -0.11489 0.13797 -0.11791 0.14100 -0.12065 0.14381 -0.12311 0.14655 -0.12538 0.14938 -0.12755 0.15228 -0.12962 0.15527 -0.13159 0.15834 -0.13346 0.16149 -0.13523 0.16472 -0.13689 0.16803 -0.13846 0.17017 -0.13972 0.17227 -0.14092 0.17433 -0.14205 0.17635 -0.14311 0.17833 -0.14410 0.18027 -0.14503 0.18217 -0.14588 0.18403 -0.14667 0.18582 -0.14735 0.18754 -0.14786 0.18917 -0.14822 0.19073 -0.14840 0.19220 -0.14843 0.19359 -0.14830 0.19490 -0.14800 0.19613 -0.14754 0.20200 -0.14610 0.20748 -0.14436 0.21259 -0.14234 0.21732 -0.14003 0.22167 -0.13742 0.22565 -0.13453 0.22924 -0.13134 0.23246 -0.12786 0.23538 -0.12400 0.23811 -0.11964 0.24063 -0.11478 0.24294 -0.10943 0.24506 -0.10359 0.24697 -0.09726 0.24868 -0.09043 0.25019 -0.08311 0.25091 -0.07841 0.25155 -0.07383 0.25212 -0.06936 0.25262 -0.06500 0.25304 -0.06076 0.25339 -0.05664 0.25366 -0.05263 0.25386 -0.04873 0.25397 -0.04490 0.25396 -0.04108 0.25383 -0.03728 0.25359 -0.03349 0.25324 -0.02971 0.25277 -0.02595 0.25218 -0.02220 0.25148 -0.01846 0.25065 -0.01469 0.24966 -0.01083 0.24851 -0.00688 0.24721 -0.00284 0.24576 0.00128 0.24415 0.00549 0.24238 0.00980 0.24046 0.01418 0.23836 0.01871 0.23606 0.02343 0.23357 0.02833 0.23089 0.03343 0.22801 0.03871 0.22493 0.04418 0.22166 0.04984 0.21819 0.05570 0.21435 0.06303 0.21039 0.07013 0.20632 0.07698 0.20213 0.08359 0.19783 0.08995 0.19342 0.09607 0.18889 0.10195 0.18424 0.10759 0.17953 0.11295 0.17478 0.11803 0.17001 0.12282 0.16522 0.12731 0.16039 0.13152 0.15554 0.13544 0.15066 0.13906 0.14576 0.14239 0.14086 0.14541 0.13600 0.14808 0.13118 0.15041 0.12641 0.15239 0.12167 0.15403 0.11697 0.15533 0.11232 0.15628 0.10771 0.15688 0.10318 0.15712 0.09880 0.15696 0.09456 0.15641 0.09046 0.15548 0.08651 0.15414 0.08269 0.15242 0.07902 0.15031 0.07549 0.14780
C 0.10316 0.13526 0.10564 0.13488 0.10808 0.13439 0.11050 0.13380 0.11289 0.13310 0.11526 0.13229 0.11760 0.13137 0.11991 0.13034 0.12219 0.12921 0.12447 0.12795 0.12679 0.12654 0.12912 0.12500 0.13149 0.12331 0.13388 0.12149 0.13630 0.11952 0.13874 0.11741 0.14122 0.11515 0.14374 0.11275 0.14635 0.11019 0.14904 0.10748 0.15181 0.10461 0.15466 0.10159 0.15759 0.09841 0.16061 0.09508 0.16370 0.09159 0.16645 0.08841 0.16907 0.08536 0.17156 0.08243 0.17392 0.07964 0.17615 0.07697 0.17826 0.07444 0.18023 0.07203 0.18208 0.06975 0.18383 0.06753 0.18551 0.06530 0.18713 0.06307 0.18867 0.06083 0.19015 0.05858 0.19157 0.05633 0.19291 0.05407 0.19419 0.05180 0.19542 0.04947 0.19665 0.04702 0.19786 0.04445 0.19905 0.04175 0.20024 0.03893 0.20140 0.03599 0.20256 0.03293 0.20370 0.02975 0.20486 0.02639 0.20607 0.02278 0.20732 0.01893 0.20862 0.01483 0.20997 0.01049 0.21136 0.00591 0.21281 0.00109 0.21430 -0.00398 0.21513 -0.00715 0.21592 -0.01019 0.21665 -0.01310 0.21732 -0.01587 0.21794 -0.01850 0.21851 -0.02100 0.21902 -0.02337 0.21948 -0.02560 0.21990 -0.02774 0.22027 -0.02986 0.22060 -0.03193 0.22089 -0.03398 0.22114 -0.03599 0.22135 -0.03796 0.22152 -0.03991 0.22165 -0.04181 0.22174 -0.04374 0.22182 -0.04575 0.22188 -0.04782 0.22192 -0.04998 0.22193 -0.05220 0.22193 -0.05450 0.22191 -0.05688 0.22186 -0.05933 0.22181 -0.06190 0.22177 -0.06465 0.22173 -0.06758 0.22170 -0.07068 0.22168 -0.07395 0.22166 -0.07741 0.22165 -0.08104 0.22165 -0.08484 0.22150 -0.08669 0.22130 -0.08856 0.22102 -0.09044 0.22067 -0.09235 0.22026 -0.09428 0.21978 -0.09623 0.21923 -0.09820 0.21862 -0.10019 0.21796 -0.10213 0.21727 -0.10393 0.21655 -0.10561 0.21581 -0.10716 0.21504 -0.10859 0.21424 -0.10988 0.21342 -0.11104 0.21257 -0.11208 0.21143 -0.11323 0.21019 -0.11428 0.20884 -0.11525 0.20738 -0.11614 0.20581 -0.11693 0.20413 -0.11764 0.20235 -0.11825 0.20046 -0.11878 0.19849 -0.11917 0.19646 -0.11937 0.19438 -0.11936 0.19224 -0.11916 0.19005 -0.11877 0.18781 -0.11818 0.18551 -0.11739 0.18316 -0.11641 0.18182 -0.11578 0.18038 -0.11499 0.17884 -0.11402 0.17722 -0.11289 0.17549 -0.11159 0.17368 -0.11012 0.17176 -0.10848 0.16976 -0.10668 0.16769 -0.10475 0.16559 -0.10274 0.16347 -0.10067 0.16132 -0.09851 0.15915 -0.09629 0.15695 -0.09399 0.15472 -0.09161 0.15246 -0.08916 0.15021 -0.08667 0.14799 -0.08416 0.14580 -0.08164 0.14365 -0.07911 0.14153 -0.07656 0.13945 -0.07400 0.13740 -0.07143 0.13538 -0.06884 0.13343 -0.06628 0.13157 -0.06380 0.12981 -0.06139 0.12814 -0.05906 0.12656 -0.05680 0.12508 -0.05461 0.12370 -0.05250 0.12241 -0.05046 0.12124 -0.04854 0.12023 -0.04677 0.11938 -0.04516 0.11868 -0.04371 0.11813 -0.04241 0.11775 -0.04126 0.11751 -0.04027 0.11743 -0.03944 0.11743 -0.03940 0.11742 -0.03930 0.11740 -0.03913 0.11738 -0.03890 0.11735 -0.03859 0.11731 -0.03822 0.11727 -0.03778 0.11722 -0.03727 0.11714 -0.03673 0.11702 -0.03619 0.11684 -0.03565 0.11662 -0.03511 0.11636 -0.03457 0.11604 -0.03403 0.11568 -0.03349 0.11527 -0.03295 0.11385 -0.03129 0.11239 -0.02933 0.11090 -0.02707 0.10938 -0.02452 0.10782 -0.02167 0.10623 -0.01852 0.10461 -0.01507 0.10295 -0.01133 0.10128 -0.00737 0.09964 -0.00329 0.09801 0.00092 0.09641 0.00526 0.09482 0.00973 0.09326 0.01433 0.09172 0.01906 0.09019 0.02391 0.08871 0.02882 0.08729 0.03372 0.08593 0.03861 0.08462 0.04348 0.08339 0.04834 0.08221 0.05318 0.08109 0.05801 0.08003 0.06283 0.07905 0.06756 0.07818 0.07214 0.07741 0.07656 0.07673 0.08083 0.07616 0.08494 0.07569 0.08890 0.07532 0.09270 0.07506 0.09634 0.07486 0.09915 0.07468 0.10172 0.07453 0.10407 0.07441 0.10618 0.07431 0.10806 0.07425 0.10972 0.07421 0.11115 0.07419 0.11234 0.07422 0.11339 0.07430 0.11438 0.07444 0.11531 0.07463 0.11618 0.07487 0.11699 0.07517 0.11773 0.07552 0.11842 0.07592 0.11904 0.07639 0.11970 0.07692 0.12049 0.07752 0.12141 0.07819 0.12245 0.07893 0.12362 0.07973 0.12492 0.08060 0.12635 0.08154 0.12791 0.08225 0.12896 0.08307 0.12994 0.08401 0.13085 0.08506 0.13169 0.08622 0.13247 0.08750 0.13318 0.08890 0.13382 0.09041 0.13439 0.09198 0.13488 0.09356 0.13526 0.09514 0.13553 0.09673 0.13569 0.09833 0.13575 0.09994 0.13569 0.10155 0.13553 0.10316 0.13526
G 4
C 0.32413 0.16077 0.32223 0.16024 0.32043 0.15973 0.31872 0.15924 0.31710 0.15877 0.31558 0.15832 0.31416 0.15789 0.31283 0.15749 0.31159 0.15710 0.31047 0.15674 0.30951 0.15643 0.30869 0.15617 0.30802 0.15596 0.30750 0.15580 0.30713 0.15568 0.30691 0.15561 0.30683 0.15558 0.30701 0.15505 0.30712 0.15453 0.30715 0.15402 0.30710 0.15353 0.30698 0.15305 0.30679 0.15258 0.30652 0.15213 0.30618 0.15169 0.30575 0.15128 0.30522 0.15091 0.30459 0.15058 0.30386 0.15029 0.30302 0.15004 0.30209 0.14983 0.30105 0.14966 0.29991 0.14953 0.29831 0.14853 0.29674 0.14746 0.29520 0.14634 0.29370 0.14515 0.29223 0.14390 0.29079 0.14260 0.28939 0.14123 0.28802 0.13980 0.28670 0.13834 0.28544 0.13689 0.28424 0.13545 0.28310 0.13402 0.28203 0.13259 0.28101 0.13117 0.28005 0.12975 0.27916 0.12834 0.27832 0.12696 0.27754 0.12564 0.27681 0.12437 0.27613 0.12315 0.27551 0.12199 0.27494 0.12088 0.27443 0.11983 0.27397 0.11883 0.27326 0.11728 0.27266 0.11590 0.27215 0.11466 0.27175 0.11358 0.27145 0.11266 0.27125 0.11190 0.27115 0.11128 0.27116 0.11083 0.27128 0.11044 0.27155 0.11003 0.27196 0.10960 0.27251 0.10915 0.27320 0.10868 0.27404 0.10819 0.27501 0.10768 0.27613 0.10715 0.27728 0.10636 0.27836 0.10572 0.27936 0.10523 0.28029 0.10488 0.28115 0.10469 0.28193 0.10464 0.28263 0.10474 0.28327 0.10499 0.28388 0.10541 0.28452 0.10602 0.28520 0.10681 0.28591 0.10780 0.28666 0.10898 0.28744 0.11034 0.28826 0.11190 0.28910 0.11364 0.29063 0.11605 0.29241 0.11831 0.29444 0.12043 0.29672 0.12240 0.29925 0.12421 0.30204 0.12588 0.30507 0.12740 0.30835 0.12877 0.31180 0.12998 0.31537 0.13100 0.31905 0.13184 0.32283 0.13250 0.32672 0.13298 0.33072 0.13327 0.33483 0.13338 0.33905 0.13331 0.34329 0.13305 0.34749 0.13260 0.35164 0.13195 0.35575 0.13110 0.35981 0.13005 0.36382 0.12881 0.36778 0.12738 0.37169 0.12575 0.37551 0.12411 0.37895 0.12246 0.38202 0.12079 0.38472 0.11910 0.38705 0.11739 0.38900 0.11565 0.39059 0.11390 0.39180 0.11213 0.39265 0.11028 0.39314 0.10830 0.39327 0.10620 0.39304 0.10396 0.39246 0.10160 0.39152 0.09911 0.39022 0.09649 0.38856 0.09375 0.38823 0.09290 0.38788 0.09210 0.38752 0.09134 0.38715 0.09061 0.38677 0.08993 0.38637 0.08929 0.38596 0.08869 0.38553 0.08813 0.38507 0.08757 0.38455 0.08696 0.38396 0.08632 0.38332 0.08564 0.38261 0.08492 0.38184 0.08415 0.38101 0.08335 0.38013 0.08251 0.37914 0.08157 0.37800 0.08051 0.37673 0.07930 0.37532 0.07796 0.37376 0.07649 0.37206 0.07488 0.37022 0.07314 0.36824 0.07126 0.36663 0.07051 0.36506 0.06978 0.36352 0.06905 0.36202 0.06834 0.36055 0.06765 0.35911 0.06697 0.35771 0.06630 0.35634 0.06564 0.35498 0.06499 0.35360 0.06432 0.35220 0.06363 0.35078 0.06294 0.34933 0.06223 0.34787 0.06151 0.34639 0.06077 0.34488 0.06002 0.34311 0.05910 0.34125 0.05809 0.33930 0.05697 0.33726 0.05575 0.33514 0.05443 0.33293 0.05301 0.33063 0.05148 0.32824 0.04986 0.32582 0.04816 0.32344 0.04641 0.32109 0.04462 0.31878 0.04278 0.31650 0.04089 0.31425 0.03895 0.31204 0.03697 0.30986 0.03494 0.30777 0.03291 0.30583 0.03091 0.30404 0.02896 0.30240 0.02705 0.30091 0.02518 0.29956 0.02335 0.29837 0.02155 0.29732 0.01980 0.29564 0.01811 0.29408 0.01625 0.29262 0.01424 0.29127 0.01208 0.29002 0.00975 0.28889 0.00728 0.28786 0.00465 0.28694 0.00186 0.28614 -0.00103 0.28548 -0.00396 0.28495 -0.00695 0.28456 -0.00998 0.28431 -0.01306 0.28418 -0.01618 0.28420 -0.01935 0.28435 -0.02257 0.28464 -0.02577 0.28508 -0.02890 0.28566 -0.03194 0.28640 -0.03490 0.28729 -0.03777 0.28832 -0.04057 0.28950 -0.04329 0.29083 -0.04592 0.29154 -0.04748 0.29236 -0.04912 0.29330 -0.05086 0.29435 -0.05268 0.29551 -0.05459 0.29679 -0.05658 0.29819 -0.05867 0.29970 -0.06084 0.30129 -0.06306 0.30293 -0.06529 0.30461 -0.06752 0.30635 -0.06976 0.30813 -0.07201 0.30995 -0.07426 0.31183 -0.07652 0.31375 -0.07879 0.31569 -0.08103 0.31762 -0.08322 0.31953 -0.08535 0.32143 -0.08743 0.32331 -0.08946 0.32518 -0.09143 0.32704 -0.09335 0.32889 -0.09522 0.33068 -0.09699 0.33240 -0.09862 0.33403 -0.10012 0.33559 -0.10149 0.33706 -0.10272 0.33845 -0.10381 0.33976 -0.10477 0.34099 -0.10560 0.34186 -0.10646 0.34275 -0.10734 0.34365 -0.10822 0.34456 -0.10911 0.34549 -0.11000 0.34643 -0.11091 0.34738 -0.11181 0.34834 -0.11273 0.34926 -0.11359 0.35005 -0.11434 0.35072 -0.11497 0.35126 -0.11549 0.35169 -0.11589 0.35199 -0.11618 0.35217 -0.11635 0.35224 -0.11641 0.35235 -0.11691 0.35249 -0.11735 0.35265 -0.11772 0.35283 -0.11803 0.35303 -0.11826 0.35325 -0.11843 0.35349 -0.11853 0.35375 -0.11857 0.35400 -0.11857 0.35422 -0.11857 0.35441 -0.11857 0.35456 -0.11857 0.35468 -0.11857 0.35476 -0.11857 0.35481 -0.11857 0.35483 -0.11857 0.35545 -0.11892 0.35624 -0.11932 0.35718 -0.11978 0.35829 -0.12030 0.35956 -0.12087 0.36099 -0.12149 0.36259 -0.12216 0.36434 -0.12289 0.36620 -0.12373 0.36810 -0.12473 0.37004 -0.12589 0.37202 -0.12722 0.37404 -0.12870 0.37610 -0.13035 0.37820 -0.13216 0.38034 -0.13413 0.38742 -0.13748 0.39415 -0.14059 0.40055 -0.14348 0.40661 -0.14613 0.41233 -0.14856 0.41772 -0.15076 0.42277 -0.15272 0.42748 -0.15446 0.43191 -0.15598 0.43615 -0.15730 0.44018 -0.15841 0.44402 -0.15932 0.44764 -0.16003 0.45107 -0.16054 0.45429 -0.16084 0.45731 -0.16094 0.45731 -0.16094 0.45731 -0.16094 0.45998 -0.16077 0.46260 -0.16047 0.46515 -0.16004 0.46764 -0.15949 0.47007 -0.15880 0.47243 -0.15799 0.47474 -0.15704 0.47699 -0.15597 0.47916 -0.15479 0.48123 -0.15353 0.48321 -0.15217 0.48510 -0.15073 0.48689 -0.14920 0.48858 -0.14758 0.49018 -0.14587 0.49169 -0.14408 0.49308 -0.14220 0.49432 -0.14022 0.49543 -0.13814 0.49639 -0.13597 0.49721 -0.13371 0.49789 -0.13135 0.49843 -0.12890 0.49882 -0.12635 0.49946 -0.12371 0.49985 -0.12096 0.50000 -0.11811 0.49991 -0.11516 0.49957 -0.11211 0.49899 -0.10896 0.49816 -0.10571 0.49709 -0.10235 0.49583 -0.09897 0.49443 -0.09565 0.49289 -0.09238 0.49120 -0.08916 0.48938 -0.08600 0.48741 -0.08289 0.48529 -0.07984 0.48304 -0.07684 0.48069 -0.07396 0.47830 -0.07126 0.47586 -0.06874 0.47337 -0.06641 0.47083 -0.06426 0.46824 -0.06229 0.46561 -0.06050 0.46293 -0.05889 0.46003 -0.05769 0.45738 -0.05666 0.45498 -0.05582 0.45283 -0.05516 0.45092 -0.05469 0.44927 -0.05439 0.44787 -0.05428 0.44672 -0.05435 0.44576 -0.05463 0.44495 -0.05515 0.44428 -0.05590 0.44375 -0.05689 0.44336 -0.05812 0.44311 -0.05958 0.44301 -0.06128 0.44304 -0.06322 0.44308 -0.06410 0.44319 -0.06503 0.44338 -0.06600 0.44364 -0.06700 0.44397 -0.06805 0.44438 -0.06914 0.44486 -0.07027 0.44542 -0.07143 0.44615 -0.07274 0.44714 -0.07427 0.44839 -0.07604 0.44991 -0.07803 0.45169 -0.08025 0.45373 -0.08270 0.45604 -0.08539 0.45861 -0.08830 0.46190 -0.09325 0.46485 -0.09795 0.46747 -0.10239 0.46974 -0.10657 0.47168 -0.11049 0.47328 -0.11416 0.47455 -0.11757 0.47547 -0.12073 0.47605 -0.12359 0.47626 -0.12611 0.47610 -0.12829 0.47558 -0.13013 0.47470 -0.13164 0.47345 -0.13281 0.47183 -0.13364 0.46985 -0.13413 0.46914 -0.13432 0.46830 -0.13446 0.46733 -0.13454 0.46623 -0.13457 0.46500 -0.13454 0.46365 -0.13446 0.46217 -0.13432 0.46056 -0.13413 0.45886 -0.13391 0.45712 -0.13366 0.45535 -0.13339 0.45353 -0.13311 0.45167 -0.13280 0.44977 -0.13247 0.44783 -0.13212 0.44585 -0.13176 0.44389 -0.13138 0.44200 -0.13100 0.44019 -0.13062 0.43845 -0.13024 0.43678 -0.12986 0.43519 -0.12949 0.43367 -0.12911 0.43223 -0.12873 0.43091 -0.12836 0.42977 -0.12801 0.42881 -0.12769 0.42802 -0.12738 0.42740 -0.12709 0.42696 -0.12682 0.42670 -0.12658 0.42661 -0.12635 0.42661 -0.12633 0.42661 -0.12627 0.42661 -0.12617 0.42661 -0.12603 0.42661 -0.12584 0.42661 -0.12562 0.42661 -0.12536 0.42661 -0.12505 0.42658 -0.12476 0.42650 -0.12451 0.42637 -0.12432 0.42618 -0.12419 0.42594 -0.12411 0.42564 -0.12408 0.42529 -0.12411 0.42488 -0.12419 0.42458 -0.12414 0.42410 -0.12397 0.42344 -0.12370 0.42261 -0.12332 0.42160 -0.12284 0.42042 -0.12224 0.41906 -0.12154 0.41753 -0.12073 0.41587 -0.11983 0.41413 -0.11887 0.41230 -0.11783 0.41040 -0.11673 0.40841 -0.11556 0.40634 -0.11432 0.40419 -0.11302 0.40196 -0.11165 0.39969 -0.11024 0.39742 -0.10884 0.39515 -0.10743 0.39288 -0.10603 0.39061 -0.10462 0.38834 -0.10322 0.38607 -0.10181 0.38380 -0.10041 0.38158 -0.09902 0.37944 -0.09769 0.37739 -0.09640 0.37542 -0.09516 0.37355 -0.09397 0.37176 -0.09283 0.37006 -0.09173 0.36845 -0.09068 0.36697 -0.08970 0.36568 -0.08883 0.36457 -0.08805 0.36364 -0.08738 0.36289 -0.08681 0.36233 -0.08634 0.36195 -0.08597 0.36175 -0.08570 0.36140 -0.08453 0.36080 -0.08338 0.35994 -0.08226 0.35883 -0.08116 0.35746 -0.08010 0.35583 -0.07906 0.35395 -0.07804 0.35180 -0.07706 0.34966 -0.07568 0.34757 -0.07416 0.34553 -0.07250 0.34353 -0.07068 0.34158 -0.06871 0.33968 -0.06660 0.33783 -0.06433 0.33602 -0.06192 0.33421 -0.05936 0.33236 -0.05665 0.33046 -0.05379 0.32851 -0.05079 0.32651 -0.04763 0.32447 -0.04433 0.32238 -0.04088 0.32024 -0.03727 0.31847 -0.03476 0.31683 -0.03221 0.31533 -0.02960 0.31397 -0.02695 0.31274 -0.02425 0.31164 -0.02150 0.31068 -0.01871 0.30986 -0.01587 0.30920 -0.01308 0.30872 -0.01042 0.30844 -0.00791 0.30835 -0.00555 0.30844 -0.00332 0.30872 -0.00123 0.30920 0.00071 0.30986 0.00251 0.31054 0.00430 0.31151 0.00621 0.31276 0.00824 0.31429 0.01040 0.31611 0.01268 0.31821 0.01508 0.32060 0.01760 0.32326 0.02024 0.32616 0.02293 0.32924 0.02559 0.33249 0.02822 0.33591 0.03083 0.33951 0.03341 0.34329 0.03597 0.34724 0.03849 0.35137 0.04099 0.35500 0.04304 0.35853 0.04509 0.36197 0.04712 0.36532 0.04916 0.36857 0.05118 0.37172 0.05320 0.37478 0.05521 0.37775 0.05721 0.38060 0.05920 0.38333 0.06117 0.38593 0.06312 0.38840 0.06505 0.39074 0.06696 0.39295 0.06884 0.39503 0.07071 0.39699 0.07256 0.39880 0.07437 0.40046 0.07613 0.40197 0.07783 0.40331 0.07948 0.40451 0.08107 0.40554 0.08261 0.40643 0.08410 0.40715 0.08553 0.40841 0.08737 0.40957 0.08922 0.41065 0.09108 0.41164 0.09294 0.41254 0.09481 0.41335 0.09668 0.41408 0.09856 0.41472 0.10045 0.41528 0.10233 0.41577 0.10419 0.41620 0.10603 0.41656 0.10786 0.41685 0.10966 0.41707 0.11144 0.41723 0.11320 0.41731 0.11494 0.41734 0.11665 0.41730 0.11831 0.41720 0.11994 0.41704 0.12153 0.41682 0.12308 0.41654 0.12458 0.41620 0.12605 0.41580 0.12748 0.41497 0.12921 0.41400 0.13096 0.41289 0.13273 0.41164 0.13450 0.41024 0.13629 0.40871 0.13810 0.40703 0.13991 0.40521 0.14175 0.40335 0.14346 0.40157 0.14494 0.39987 0.14616 0.39823 0.14715 0.39668 0.14789 0.39519 0.14839 0.39378 0.14865 0.39245 0.14866 0.39130 0.14900 0.39022 0.14934 0.38922 0.14970 0.38829 0.15007 0.38743 0.15046 0.38665 0.15085 0.38595 0.15127 0.38532 0.15169 0.38471 0.15212 0.38409 0.15253 0.38344 0.15293 0.38278 0.15331 0.38209 0.15368 0.38138 0.15404 0.38066 0.15439 0.37991 0.15472 0.37905 0.15515 0.37798 0.15558 0.37670 0.15602 0.37521 0.15645 0.37351 0.15688 0.37160 0.15731 0.36948 0.15775 0.36715 0.15818 0.36469 0.15859 0.36217 0.15897 0.35958 0.15932 0.35694 0.15964 0.35423 0.15992 0.35147 0.16016 0.34864 0.16038 0.34575 0.16056 0.34286 0.16070 0.34002 0.16081 0.33724 0.16089 0.33451 0.16093 0.33183 0.16094 0.32921 0.16092 0.32664 0.16086 0.32413 0.16077
